if {[sizeof_collection [get_via_defs -quiet -tech 19M_1xa1xb1xc1xd1ya1yb6y2yy2yx2r_R_enterprise_MH143 P3VIA01B1_MH143]] == 0} {
    create_via_def P3VIA01B1_MH143 \
        -tech 19M_1xa1xb1xc1xd1ya1yb6y2yy2yx2r_R_enterprise_MH143 \
        -is_excluded_for_signal_route \
        -lower_mask_pattern uniform \
        -shapes { \
            { M0 {-0.2180 -0.0135} {0.2180 0.0135} } \
            { VIA0 {-0.2000 -0.0080} {-0.1840 0.0080} } \
            { VIA0 {0.1840 -0.0080} {0.2000 0.0080} } \
            { M1 {0.1780 -0.0335} {0.2060 0.0335} } \
            { M1 {-0.2060 -0.0335} {-0.1780 0.0335} } \
        }
}

if {[sizeof_collection [get_via_defs -quiet -tech 19M_1xa1xb1xc1xd1ya1yb6y2yy2yx2r_R_enterprise_MH143 P3VIA01B1_MH143ww]] == 0} {
    create_via_def P3VIA01B1_MH143ww \
        -tech 19M_1xa1xb1xc1xd1ya1yb6y2yy2yx2r_R_enterprise_MH143 \
        -is_excluded_for_signal_route \
        -lower_mask_pattern uniform \
        -shapes { \
            { M0 {-0.0135 -0.2180} {0.0135 0.2180} } \
            { VIA0 {-0.0080 -0.2000} {0.0080 -0.1840} } \
            { VIA0 {-0.0080 0.1840} {0.0080 0.2000} } \
            { M1 {-0.0335 0.1780} {0.0335 0.2060} } \
            { M1 {-0.0335 -0.2060} {0.0335 -0.1780} } \
        }
}

if {[sizeof_collection [get_via_defs -quiet -tech 19M_1xa1xb1xc1xd1ya1yb6y2yy2yx2r_R_enterprise_MH143 P3VIA01A1_MH143]] == 0} {
    create_via_def P3VIA01A1_MH143 \
        -tech 19M_1xa1xb1xc1xd1ya1yb6y2yy2yx2r_R_enterprise_MH143 \
        -is_excluded_for_signal_route \
        -lower_mask_pattern uniform \
        -shapes { \
            { M0 {-0.2180 -0.0135} {0.2180 0.0135} } \
            { VIA0 {-0.2000 -0.0080} {-0.1840 0.0080} } \
            { VIA0 {0.1840 -0.0080} {0.2000 0.0080} } \
            { M1 {0.1780 -0.0335} {0.2060 0.0335} } \
            { M1 {-0.2060 -0.0335} {-0.1780 0.0335} } \
        }
}

if {[sizeof_collection [get_via_defs -quiet -tech 19M_1xa1xb1xc1xd1ya1yb6y2yy2yx2r_R_enterprise_MH143 P3VIA01A1_MH143ww]] == 0} {
    create_via_def P3VIA01A1_MH143ww \
        -tech 19M_1xa1xb1xc1xd1ya1yb6y2yy2yx2r_R_enterprise_MH143 \
        -is_excluded_for_signal_route \
        -lower_mask_pattern uniform \
        -shapes { \
            { M0 {-0.0135 -0.2180} {0.0135 0.2180} } \
            { VIA0 {-0.0080 -0.2000} {0.0080 -0.1840} } \
            { VIA0 {-0.0080 0.1840} {0.0080 0.2000} } \
            { M1 {-0.0335 0.1780} {0.0335 0.2060} } \
            { M1 {-0.0335 -0.2060} {0.0335 -0.1780} } \
        }
}

if {[sizeof_collection [get_via_defs -quiet -tech 19M_1xa1xb1xc1xd1ya1yb6y2yy2yx2r_R_enterprise_MH143 P3VIA01B2_MH143]] == 0} {
    create_via_def P3VIA01B2_MH143 \
        -tech 19M_1xa1xb1xc1xd1ya1yb6y2yy2yx2r_R_enterprise_MH143 \
        -is_excluded_for_signal_route \
        -lower_mask_pattern uniform \
        -shapes { \
            { M0 {-0.2180 -0.0135} {0.2180 0.0135} } \
            { VIA0 {-0.2000 -0.0080} {-0.1840 0.0080} } \
            { VIA0 {0.1840 -0.0080} {0.2000 0.0080} } \
            { M1 {0.1780 -0.0335} {0.2060 0.0335} } \
            { M1 {-0.2060 -0.0335} {-0.1780 0.0335} } \
        }
}

if {[sizeof_collection [get_via_defs -quiet -tech 19M_1xa1xb1xc1xd1ya1yb6y2yy2yx2r_R_enterprise_MH143 P3VIA01B2_MH143ww]] == 0} {
    create_via_def P3VIA01B2_MH143ww \
        -tech 19M_1xa1xb1xc1xd1ya1yb6y2yy2yx2r_R_enterprise_MH143 \
        -is_excluded_for_signal_route \
        -lower_mask_pattern uniform \
        -shapes { \
            { M0 {-0.0135 -0.2180} {0.0135 0.2180} } \
            { VIA0 {-0.0080 -0.2000} {0.0080 -0.1840} } \
            { VIA0 {-0.0080 0.1840} {0.0080 0.2000} } \
            { M1 {-0.0335 0.1780} {0.0335 0.2060} } \
            { M1 {-0.0335 -0.2060} {0.0335 -0.1780} } \
        }
}

if {[sizeof_collection [get_via_defs -quiet -tech 19M_1xa1xb1xc1xd1ya1yb6y2yy2yx2r_R_enterprise_MH143 P3VIA01A2_MH143]] == 0} {
    create_via_def P3VIA01A2_MH143 \
        -tech 19M_1xa1xb1xc1xd1ya1yb6y2yy2yx2r_R_enterprise_MH143 \
        -is_excluded_for_signal_route \
        -lower_mask_pattern uniform \
        -shapes { \
            { M0 {-0.2180 -0.0135} {0.2180 0.0135} } \
            { VIA0 {-0.2000 -0.0080} {-0.1840 0.0080} } \
            { VIA0 {0.1840 -0.0080} {0.2000 0.0080} } \
            { M1 {0.1780 -0.0335} {0.2060 0.0335} } \
            { M1 {-0.2060 -0.0335} {-0.1780 0.0335} } \
        }
}

if {[sizeof_collection [get_via_defs -quiet -tech 19M_1xa1xb1xc1xd1ya1yb6y2yy2yx2r_R_enterprise_MH143 P3VIA01A2_MH143ww]] == 0} {
    create_via_def P3VIA01A2_MH143ww \
        -tech 19M_1xa1xb1xc1xd1ya1yb6y2yy2yx2r_R_enterprise_MH143 \
        -is_excluded_for_signal_route \
        -lower_mask_pattern uniform \
        -shapes { \
            { M0 {-0.0135 -0.2180} {0.0135 0.2180} } \
            { VIA0 {-0.0080 -0.2000} {0.0080 -0.1840} } \
            { VIA0 {-0.0080 0.1840} {0.0080 0.2000} } \
            { M1 {-0.0335 0.1780} {0.0335 0.2060} } \
            { M1 {-0.0335 -0.2060} {0.0335 -0.1780} } \
        }
}

if {[sizeof_collection [get_via_defs -quiet -tech 19M_1xa1xb1xc1xd1ya1yb6y2yy2yx2r_R_enterprise_MH143 P3VIA01F1_MH143]] == 0} {
    create_via_def P3VIA01F1_MH143 \
        -tech 19M_1xa1xb1xc1xd1ya1yb6y2yy2yx2r_R_enterprise_MH143 \
        -is_excluded_for_signal_route \
        -lower_mask_pattern uniform \
        -shapes { \
            { M0 {-0.2180 -0.0135} {0.2180 0.0135} } \
            { VIA0 {-0.0080 -0.0080} {0.0080 0.0080} } \
            { M1 {-0.0140 -0.0335} {0.0140 0.0335} } \
        }
}

if {[sizeof_collection [get_via_defs -quiet -tech 19M_1xa1xb1xc1xd1ya1yb6y2yy2yx2r_R_enterprise_MH143 P3VIA01F1_MH143ww]] == 0} {
    create_via_def P3VIA01F1_MH143ww \
        -tech 19M_1xa1xb1xc1xd1ya1yb6y2yy2yx2r_R_enterprise_MH143 \
        -is_excluded_for_signal_route \
        -lower_mask_pattern uniform \
        -shapes { \
            { M0 {-0.0135 -0.2180} {0.0135 0.2180} } \
            { VIA0 {-0.0080 -0.0080} {0.0080 0.0080} } \
            { M1 {-0.0335 -0.0140} {0.0335 0.0140} } \
        }
}

if {[sizeof_collection [get_via_defs -quiet -tech 19M_1xa1xb1xc1xd1ya1yb6y2yy2yx2r_R_enterprise_MH143 P3VIA01F2_MH143]] == 0} {
    create_via_def P3VIA01F2_MH143 \
        -tech 19M_1xa1xb1xc1xd1ya1yb6y2yy2yx2r_R_enterprise_MH143 \
        -is_excluded_for_signal_route \
        -lower_mask_pattern uniform \
        -shapes { \
            { M0 {-0.2180 -0.0135} {0.2180 0.0135} } \
            { VIA0 {-0.0080 -0.0080} {0.0080 0.0080} } \
            { M1 {-0.0140 -0.0335} {0.0140 0.0335} } \
        }
}

if {[sizeof_collection [get_via_defs -quiet -tech 19M_1xa1xb1xc1xd1ya1yb6y2yy2yx2r_R_enterprise_MH143 P3VIA01F2_MH143ww]] == 0} {
    create_via_def P3VIA01F2_MH143ww \
        -tech 19M_1xa1xb1xc1xd1ya1yb6y2yy2yx2r_R_enterprise_MH143 \
        -is_excluded_for_signal_route \
        -lower_mask_pattern uniform \
        -shapes { \
            { M0 {-0.0135 -0.2180} {0.0135 0.2180} } \
            { VIA0 {-0.0080 -0.0080} {0.0080 0.0080} } \
            { M1 {-0.0335 -0.0140} {0.0335 0.0140} } \
        }
}

if {[sizeof_collection [get_via_defs -quiet -tech 19M_1xa1xb1xc1xd1ya1yb6y2yy2yx2r_R_enterprise_MH143 P3VIA01E1_MH143]] == 0} {
    create_via_def P3VIA01E1_MH143 \
        -tech 19M_1xa1xb1xc1xd1ya1yb6y2yy2yx2r_R_enterprise_MH143 \
        -is_excluded_for_signal_route \
        -lower_mask_pattern uniform \
        -shapes { \
            { M0 {-0.2180 -0.0135} {0.2180 0.0135} } \
            { VIA0 {-0.0080 -0.0080} {0.0080 0.0080} } \
            { M1 {-0.0140 -0.0335} {0.0140 0.0335} } \
        }
}

if {[sizeof_collection [get_via_defs -quiet -tech 19M_1xa1xb1xc1xd1ya1yb6y2yy2yx2r_R_enterprise_MH143 P3VIA01E1_MH143ww]] == 0} {
    create_via_def P3VIA01E1_MH143ww \
        -tech 19M_1xa1xb1xc1xd1ya1yb6y2yy2yx2r_R_enterprise_MH143 \
        -is_excluded_for_signal_route \
        -lower_mask_pattern uniform \
        -shapes { \
            { M0 {-0.0135 -0.2180} {0.0135 0.2180} } \
            { VIA0 {-0.0080 -0.0080} {0.0080 0.0080} } \
            { M1 {-0.0335 -0.0140} {0.0335 0.0140} } \
        }
}

if {[sizeof_collection [get_via_defs -quiet -tech 19M_1xa1xb1xc1xd1ya1yb6y2yy2yx2r_R_enterprise_MH143 P3VIA01E2_MH143]] == 0} {
    create_via_def P3VIA01E2_MH143 \
        -tech 19M_1xa1xb1xc1xd1ya1yb6y2yy2yx2r_R_enterprise_MH143 \
        -is_excluded_for_signal_route \
        -lower_mask_pattern uniform \
        -shapes { \
            { M0 {-0.2180 -0.0135} {0.2180 0.0135} } \
            { VIA0 {-0.0080 -0.0080} {0.0080 0.0080} } \
            { M1 {-0.0140 -0.0335} {0.0140 0.0335} } \
        }
}

if {[sizeof_collection [get_via_defs -quiet -tech 19M_1xa1xb1xc1xd1ya1yb6y2yy2yx2r_R_enterprise_MH143 P3VIA01E2_MH143ww]] == 0} {
    create_via_def P3VIA01E2_MH143ww \
        -tech 19M_1xa1xb1xc1xd1ya1yb6y2yy2yx2r_R_enterprise_MH143 \
        -is_excluded_for_signal_route \
        -lower_mask_pattern uniform \
        -shapes { \
            { M0 {-0.0135 -0.2180} {0.0135 0.2180} } \
            { VIA0 {-0.0080 -0.0080} {0.0080 0.0080} } \
            { M1 {-0.0335 -0.0140} {0.0335 0.0140} } \
        }
}

if {[sizeof_collection [get_via_defs -quiet -tech 19M_1xa1xb1xc1xd1ya1yb6y2yy2yx2r_R_enterprise_MH143 P3VIA01Z_MH143]] == 0} {
    create_via_def P3VIA01Z_MH143 \
        -tech 19M_1xa1xb1xc1xd1ya1yb6y2yy2yx2r_R_enterprise_MH143 \
        -is_excluded_for_signal_route \
        -lower_mask_pattern uniform \
        -shapes { \
            { M0 {-0.0190 -0.0135} {0.0190 0.0135} } \
            { VIA0 {-0.0080 -0.0080} {0.0080 0.0080} } \
            { M1 {-0.0140 -0.0210} {0.0140 0.0210} } \
        }
}

if {[sizeof_collection [get_via_defs -quiet -tech 19M_1xa1xb1xc1xd1ya1yb6y2yy2yx2r_R_enterprise_MH143 P3VIA01Z_MH143ww]] == 0} {
    create_via_def P3VIA01Z_MH143ww \
        -tech 19M_1xa1xb1xc1xd1ya1yb6y2yy2yx2r_R_enterprise_MH143 \
        -is_excluded_for_signal_route \
        -lower_mask_pattern uniform \
        -shapes { \
            { M0 {-0.0135 -0.0190} {0.0135 0.0190} } \
            { VIA0 {-0.0080 -0.0080} {0.0080 0.0080} } \
            { M1 {-0.0210 -0.0140} {0.0210 0.0140} } \
        }
}

if {[sizeof_collection [get_via_defs -quiet -tech 19M_1xa1xb1xc1xd1ya1yb6y2yy2yx2r_R_enterprise_MH143 P3VIA01Y_MH143]] == 0} {
    create_via_def P3VIA01Y_MH143 \
        -tech 19M_1xa1xb1xc1xd1ya1yb6y2yy2yx2r_R_enterprise_MH143 \
        -is_excluded_for_signal_route \
        -lower_mask_pattern uniform \
        -shapes { \
            { M0 {-0.0190 -0.0135} {0.0190 0.0135} } \
            { VIA0 {-0.0080 -0.0080} {0.0080 0.0080} } \
            { M1 {-0.0140 -0.0210} {0.0140 0.0210} } \
        }
}

if {[sizeof_collection [get_via_defs -quiet -tech 19M_1xa1xb1xc1xd1ya1yb6y2yy2yx2r_R_enterprise_MH143 P3VIA01Y_MH143ww]] == 0} {
    create_via_def P3VIA01Y_MH143ww \
        -tech 19M_1xa1xb1xc1xd1ya1yb6y2yy2yx2r_R_enterprise_MH143 \
        -is_excluded_for_signal_route \
        -lower_mask_pattern uniform \
        -shapes { \
            { M0 {-0.0135 -0.0190} {0.0135 0.0190} } \
            { VIA0 {-0.0080 -0.0080} {0.0080 0.0080} } \
            { M1 {-0.0210 -0.0140} {0.0210 0.0140} } \
        }
}

if {[sizeof_collection [get_via_defs -quiet -tech 19M_1xa1xb1xc1xd1ya1yb6y2yy2yx2r_R_enterprise_MH143 P3VIA12A1_MH143]] == 0} {
    create_via_def P3VIA12A1_MH143 \
        -tech 19M_1xa1xb1xc1xd1ya1yb6y2yy2yx2r_R_enterprise_MH143 \
        -is_excluded_for_signal_route \
        -upper_mask_pattern uniform \
        -shapes { \
            { M1 {0.1780 -0.0335} {0.2060 0.0335} } \
            { M1 {-0.2060 -0.0335} {-0.1780 0.0335} } \
            { VIA1 {-0.1980 -0.0060} {-0.1860 0.0060} } \
            { VIA1 {0.1860 -0.0060} {0.1980 0.0060} } \
            { M2 {-0.2220 -0.0060} {0.2220 0.0060} } \
        }
}

if {[sizeof_collection [get_via_defs -quiet -tech 19M_1xa1xb1xc1xd1ya1yb6y2yy2yx2r_R_enterprise_MH143 P3VIA12A1_MH143ww]] == 0} {
    create_via_def P3VIA12A1_MH143ww \
        -tech 19M_1xa1xb1xc1xd1ya1yb6y2yy2yx2r_R_enterprise_MH143 \
        -is_excluded_for_signal_route \
        -upper_mask_pattern uniform \
        -shapes { \
            { M1 {-0.0335 0.1780} {0.0335 0.2060} } \
            { M1 {-0.0335 -0.2060} {0.0335 -0.1780} } \
            { VIA1 {-0.0060 -0.1980} {0.0060 -0.1860} } \
            { VIA1 {-0.0060 0.1860} {0.0060 0.1980} } \
            { M2 {-0.0060 -0.2220} {0.0060 0.2220} } \
        }
}

if {[sizeof_collection [get_via_defs -quiet -tech 19M_1xa1xb1xc1xd1ya1yb6y2yy2yx2r_R_enterprise_MH143 P3VIA12A2_MH143]] == 0} {
    create_via_def P3VIA12A2_MH143 \
        -tech 19M_1xa1xb1xc1xd1ya1yb6y2yy2yx2r_R_enterprise_MH143 \
        -is_excluded_for_signal_route \
        -upper_mask_pattern uniform \
        -shapes { \
            { M1 {0.1780 -0.0335} {0.2060 0.0335} } \
            { M1 {-0.2060 -0.0335} {-0.1780 0.0335} } \
            { VIA1 {-0.1980 -0.0060} {-0.1860 0.0060} } \
            { VIA1 {0.1860 -0.0060} {0.1980 0.0060} } \
            { M2 {-0.2220 -0.0060} {0.2220 0.0060} } \
        }
}

if {[sizeof_collection [get_via_defs -quiet -tech 19M_1xa1xb1xc1xd1ya1yb6y2yy2yx2r_R_enterprise_MH143 P3VIA12A2_MH143ww]] == 0} {
    create_via_def P3VIA12A2_MH143ww \
        -tech 19M_1xa1xb1xc1xd1ya1yb6y2yy2yx2r_R_enterprise_MH143 \
        -is_excluded_for_signal_route \
        -upper_mask_pattern uniform \
        -shapes { \
            { M1 {-0.0335 0.1780} {0.0335 0.2060} } \
            { M1 {-0.0335 -0.2060} {0.0335 -0.1780} } \
            { VIA1 {-0.0060 -0.1980} {0.0060 -0.1860} } \
            { VIA1 {-0.0060 0.1860} {0.0060 0.1980} } \
            { M2 {-0.0060 -0.2220} {0.0060 0.2220} } \
        }
}

if {[sizeof_collection [get_via_defs -quiet -tech 19M_1xa1xb1xc1xd1ya1yb6y2yy2yx2r_R_enterprise_MH143 P3VIA12B1_MH143]] == 0} {
    create_via_def P3VIA12B1_MH143 \
        -tech 19M_1xa1xb1xc1xd1ya1yb6y2yy2yx2r_R_enterprise_MH143 \
        -is_excluded_for_signal_route \
        -upper_mask_pattern uniform \
        -shapes { \
            { M1 {0.1780 -0.0360} {0.2060 0.0360} } \
            { M1 {-0.2060 -0.0360} {-0.1780 0.0360} } \
            { VIA1 {-0.1980 -0.0060} {-0.1860 0.0060} } \
            { VIA1 {0.1860 -0.0060} {0.1980 0.0060} } \
            { M2 {-0.2220 -0.0060} {0.2220 0.0060} } \
        }
}

if {[sizeof_collection [get_via_defs -quiet -tech 19M_1xa1xb1xc1xd1ya1yb6y2yy2yx2r_R_enterprise_MH143 P3VIA12B1_MH143ww]] == 0} {
    create_via_def P3VIA12B1_MH143ww \
        -tech 19M_1xa1xb1xc1xd1ya1yb6y2yy2yx2r_R_enterprise_MH143 \
        -is_excluded_for_signal_route \
        -upper_mask_pattern uniform \
        -shapes { \
            { M1 {-0.0360 0.1780} {0.0360 0.2060} } \
            { M1 {-0.0360 -0.2060} {0.0360 -0.1780} } \
            { VIA1 {-0.0060 -0.1980} {0.0060 -0.1860} } \
            { VIA1 {-0.0060 0.1860} {0.0060 0.1980} } \
            { M2 {-0.0060 -0.2220} {0.0060 0.2220} } \
        }
}

if {[sizeof_collection [get_via_defs -quiet -tech 19M_1xa1xb1xc1xd1ya1yb6y2yy2yx2r_R_enterprise_MH143 P3VIA12B2_MH143]] == 0} {
    create_via_def P3VIA12B2_MH143 \
        -tech 19M_1xa1xb1xc1xd1ya1yb6y2yy2yx2r_R_enterprise_MH143 \
        -is_excluded_for_signal_route \
        -upper_mask_pattern uniform \
        -shapes { \
            { M1 {0.1780 -0.0360} {0.2060 0.0360} } \
            { M1 {-0.2060 -0.0360} {-0.1780 0.0360} } \
            { VIA1 {-0.1980 -0.0060} {-0.1860 0.0060} } \
            { VIA1 {0.1860 -0.0060} {0.1980 0.0060} } \
            { M2 {-0.2220 -0.0060} {0.2220 0.0060} } \
        }
}

if {[sizeof_collection [get_via_defs -quiet -tech 19M_1xa1xb1xc1xd1ya1yb6y2yy2yx2r_R_enterprise_MH143 P3VIA12B2_MH143ww]] == 0} {
    create_via_def P3VIA12B2_MH143ww \
        -tech 19M_1xa1xb1xc1xd1ya1yb6y2yy2yx2r_R_enterprise_MH143 \
        -is_excluded_for_signal_route \
        -upper_mask_pattern uniform \
        -shapes { \
            { M1 {-0.0360 0.1780} {0.0360 0.2060} } \
            { M1 {-0.0360 -0.2060} {0.0360 -0.1780} } \
            { VIA1 {-0.0060 -0.1980} {0.0060 -0.1860} } \
            { VIA1 {-0.0060 0.1860} {0.0060 0.1980} } \
            { M2 {-0.0060 -0.2220} {0.0060 0.2220} } \
        }
}

if {[sizeof_collection [get_via_defs -quiet -tech 19M_1xa1xb1xc1xd1ya1yb6y2yy2yx2r_R_enterprise_MH143 P3VIA12F1_MH143]] == 0} {
    create_via_def P3VIA12F1_MH143 \
        -tech 19M_1xa1xb1xc1xd1ya1yb6y2yy2yx2r_R_enterprise_MH143 \
        -is_excluded_for_signal_route \
        -upper_mask_pattern uniform \
        -shapes { \
            { M1 {-0.0140 -0.0360} {0.0140 0.0360} } \
            { VIA1 {-0.0060 -0.0060} {0.0060 0.0060} } \
            { M2 {-0.0360 -0.0060} {0.1140 0.0060} } \
        }
}

if {[sizeof_collection [get_via_defs -quiet -tech 19M_1xa1xb1xc1xd1ya1yb6y2yy2yx2r_R_enterprise_MH143 P3VIA12F1_MH143ww]] == 0} {
    create_via_def P3VIA12F1_MH143ww \
        -tech 19M_1xa1xb1xc1xd1ya1yb6y2yy2yx2r_R_enterprise_MH143 \
        -is_excluded_for_signal_route \
        -upper_mask_pattern uniform \
        -shapes { \
            { M1 {-0.0360 -0.0140} {0.0360 0.0140} } \
            { VIA1 {-0.0060 -0.0060} {0.0060 0.0060} } \
            { M2 {-0.0060 -0.0360} {0.0060 0.1140} } \
        }
}

if {[sizeof_collection [get_via_defs -quiet -tech 19M_1xa1xb1xc1xd1ya1yb6y2yy2yx2r_R_enterprise_MH143 P3VIA12F2_MH143]] == 0} {
    create_via_def P3VIA12F2_MH143 \
        -tech 19M_1xa1xb1xc1xd1ya1yb6y2yy2yx2r_R_enterprise_MH143 \
        -is_excluded_for_signal_route \
        -upper_mask_pattern uniform \
        -shapes { \
            { M1 {-0.0140 -0.0360} {0.0140 0.0360} } \
            { VIA1 {-0.0060 -0.0060} {0.0060 0.0060} } \
            { M2 {-0.0360 -0.0060} {0.1140 0.0060} } \
        }
}

if {[sizeof_collection [get_via_defs -quiet -tech 19M_1xa1xb1xc1xd1ya1yb6y2yy2yx2r_R_enterprise_MH143 P3VIA12F2_MH143ww]] == 0} {
    create_via_def P3VIA12F2_MH143ww \
        -tech 19M_1xa1xb1xc1xd1ya1yb6y2yy2yx2r_R_enterprise_MH143 \
        -is_excluded_for_signal_route \
        -upper_mask_pattern uniform \
        -shapes { \
            { M1 {-0.0360 -0.0140} {0.0360 0.0140} } \
            { VIA1 {-0.0060 -0.0060} {0.0060 0.0060} } \
            { M2 {-0.0060 -0.0360} {0.0060 0.1140} } \
        }
}

if {[sizeof_collection [get_via_defs -quiet -tech 19M_1xa1xb1xc1xd1ya1yb6y2yy2yx2r_R_enterprise_MH143 P3VIA12Z_MH143]] == 0} {
    create_via_def P3VIA12Z_MH143 \
        -tech 19M_1xa1xb1xc1xd1ya1yb6y2yy2yx2r_R_enterprise_MH143 \
        -is_excluded_for_signal_route \
        -upper_mask_pattern uniform \
        -shapes { \
            { M1 {-0.0140 -0.0130} {0.0140 0.0130} } \
            { VIA1 {-0.0060 -0.0060} {0.0060 0.0060} } \
            { M2 {-0.0750 -0.0060} {0.0750 0.0060} } \
        }
}

if {[sizeof_collection [get_via_defs -quiet -tech 19M_1xa1xb1xc1xd1ya1yb6y2yy2yx2r_R_enterprise_MH143 P3VIA12Z_MH143ww]] == 0} {
    create_via_def P3VIA12Z_MH143ww \
        -tech 19M_1xa1xb1xc1xd1ya1yb6y2yy2yx2r_R_enterprise_MH143 \
        -is_excluded_for_signal_route \
        -upper_mask_pattern uniform \
        -shapes { \
            { M1 {-0.0130 -0.0140} {0.0130 0.0140} } \
            { VIA1 {-0.0060 -0.0060} {0.0060 0.0060} } \
            { M2 {-0.0060 -0.0750} {0.0060 0.0750} } \
        }
}

if {[sizeof_collection [get_via_defs -quiet -tech 19M_1xa1xb1xc1xd1ya1yb6y2yy2yx2r_R_enterprise_MH143 P3VIA12Y_MH143]] == 0} {
    create_via_def P3VIA12Y_MH143 \
        -tech 19M_1xa1xb1xc1xd1ya1yb6y2yy2yx2r_R_enterprise_MH143 \
        -is_excluded_for_signal_route \
        -upper_mask_pattern uniform \
        -shapes { \
            { M1 {-0.0140 -0.0130} {0.0140 0.0130} } \
            { VIA1 {-0.0060 -0.0060} {0.0060 0.0060} } \
            { M2 {-0.0750 -0.0060} {0.0750 0.0060} } \
        }
}

if {[sizeof_collection [get_via_defs -quiet -tech 19M_1xa1xb1xc1xd1ya1yb6y2yy2yx2r_R_enterprise_MH143 P3VIA12Y_MH143ww]] == 0} {
    create_via_def P3VIA12Y_MH143ww \
        -tech 19M_1xa1xb1xc1xd1ya1yb6y2yy2yx2r_R_enterprise_MH143 \
        -is_excluded_for_signal_route \
        -upper_mask_pattern uniform \
        -shapes { \
            { M1 {-0.0130 -0.0140} {0.0130 0.0140} } \
            { VIA1 {-0.0060 -0.0060} {0.0060 0.0060} } \
            { M2 {-0.0060 -0.0750} {0.0060 0.0750} } \
        }
}

if {[sizeof_collection [get_via_defs -quiet -tech 19M_1xa1xb1xc1xd1ya1yb6y2yy2yx2r_R_enterprise_MH143 P3VIA23A4_MH143]] == 0} {
    create_via_def P3VIA23A4_MH143 \
        -tech 19M_1xa1xb1xc1xd1ya1yb6y2yy2yx2r_R_enterprise_MH143 \
        -is_excluded_for_signal_route \
        -lower_mask_pattern uniform \
        -shapes { \
            { M2 {-0.0885 -0.0060} {0.0885 0.0060} } \
            { VIA2 {-0.0585 -0.0060} {-0.0465 0.0060} } \
            { VIA2 {0.0465 -0.0060} {0.0585 0.0060} } \
            { M3 {-0.0615 -0.1430} {-0.0435 0.0835} } \
            { M3 {0.0435 -0.1430} {0.0615 0.0835} } \
        }
}

if {[sizeof_collection [get_via_defs -quiet -tech 19M_1xa1xb1xc1xd1ya1yb6y2yy2yx2r_R_enterprise_MH143 P3VIA23A4_MH143ww]] == 0} {
    create_via_def P3VIA23A4_MH143ww \
        -tech 19M_1xa1xb1xc1xd1ya1yb6y2yy2yx2r_R_enterprise_MH143 \
        -is_excluded_for_signal_route \
        -lower_mask_pattern uniform \
        -shapes { \
            { M2 {-0.0060 -0.0885} {0.0060 0.0885} } \
            { VIA2 {-0.0060 -0.0585} {0.0060 -0.0465} } \
            { VIA2 {-0.0060 0.0465} {0.0060 0.0585} } \
            { M3 {-0.1430 -0.0615} {0.0835 -0.0435} } \
            { M3 {-0.1430 0.0435} {0.0835 0.0615} } \
        }
}

if {[sizeof_collection [get_via_defs -quiet -tech 19M_1xa1xb1xc1xd1ya1yb6y2yy2yx2r_R_enterprise_MH143 P3VIA23A3_MH143]] == 0} {
    create_via_def P3VIA23A3_MH143 \
        -tech 19M_1xa1xb1xc1xd1ya1yb6y2yy2yx2r_R_enterprise_MH143 \
        -is_excluded_for_signal_route \
        -lower_mask_pattern uniform \
        -shapes { \
            { M2 {-0.0885 -0.0060} {0.0885 0.0060} } \
            { VIA2 {-0.0585 -0.0060} {-0.0465 0.0060} } \
            { VIA2 {0.0465 -0.0060} {0.0585 0.0060} } \
            { M3 {-0.0615 -0.2395} {-0.0435 0.1430} } \
            { M3 {0.0435 -0.2395} {0.0615 0.1430} } \
        }
}

if {[sizeof_collection [get_via_defs -quiet -tech 19M_1xa1xb1xc1xd1ya1yb6y2yy2yx2r_R_enterprise_MH143 P3VIA23A3_MH143ww]] == 0} {
    create_via_def P3VIA23A3_MH143ww \
        -tech 19M_1xa1xb1xc1xd1ya1yb6y2yy2yx2r_R_enterprise_MH143 \
        -is_excluded_for_signal_route \
        -lower_mask_pattern uniform \
        -shapes { \
            { M2 {-0.0060 -0.0885} {0.0060 0.0885} } \
            { VIA2 {-0.0060 -0.0585} {0.0060 -0.0465} } \
            { VIA2 {-0.0060 0.0465} {0.0060 0.0585} } \
            { M3 {-0.2395 -0.0615} {0.1430 -0.0435} } \
            { M3 {-0.2395 0.0435} {0.1430 0.0615} } \
        }
}

if {[sizeof_collection [get_via_defs -quiet -tech 19M_1xa1xb1xc1xd1ya1yb6y2yy2yx2r_R_enterprise_MH143 P3VIA23A1_MH143]] == 0} {
    create_via_def P3VIA23A1_MH143 \
        -tech 19M_1xa1xb1xc1xd1ya1yb6y2yy2yx2r_R_enterprise_MH143 \
        -is_excluded_for_signal_route \
        -lower_mask_pattern uniform \
        -shapes { \
            { M2 {-0.0885 -0.0060} {0.0885 0.0060} } \
            { VIA2 {-0.0585 -0.0060} {-0.0465 0.0060} } \
            { VIA2 {0.0465 -0.0060} {0.0585 0.0060} } \
            { M3 {-0.0615 -0.0360} {-0.0435 0.1430} } \
            { M3 {0.0435 -0.0360} {0.0615 0.1430} } \
        }
}

if {[sizeof_collection [get_via_defs -quiet -tech 19M_1xa1xb1xc1xd1ya1yb6y2yy2yx2r_R_enterprise_MH143 P3VIA23A1_MH143ww]] == 0} {
    create_via_def P3VIA23A1_MH143ww \
        -tech 19M_1xa1xb1xc1xd1ya1yb6y2yy2yx2r_R_enterprise_MH143 \
        -is_excluded_for_signal_route \
        -lower_mask_pattern uniform \
        -shapes { \
            { M2 {-0.0060 -0.0885} {0.0060 0.0885} } \
            { VIA2 {-0.0060 -0.0585} {0.0060 -0.0465} } \
            { VIA2 {-0.0060 0.0465} {0.0060 0.0585} } \
            { M3 {-0.0360 -0.0615} {0.1430 -0.0435} } \
            { M3 {-0.0360 0.0435} {0.1430 0.0615} } \
        }
}

if {[sizeof_collection [get_via_defs -quiet -tech 19M_1xa1xb1xc1xd1ya1yb6y2yy2yx2r_R_enterprise_MH143 P3VIA23A2_MH143]] == 0} {
    create_via_def P3VIA23A2_MH143 \
        -tech 19M_1xa1xb1xc1xd1ya1yb6y2yy2yx2r_R_enterprise_MH143 \
        -is_excluded_for_signal_route \
        -lower_mask_pattern uniform \
        -shapes { \
            { M2 {-0.0885 -0.0060} {0.0885 0.0060} } \
            { VIA2 {-0.0585 -0.0060} {-0.0465 0.0060} } \
            { VIA2 {0.0465 -0.0060} {0.0585 0.0060} } \
            { M3 {-0.0615 -0.2395} {-0.0435 0.1430} } \
            { M3 {0.0435 -0.2395} {0.0615 0.1430} } \
        }
}

if {[sizeof_collection [get_via_defs -quiet -tech 19M_1xa1xb1xc1xd1ya1yb6y2yy2yx2r_R_enterprise_MH143 P3VIA23A2_MH143ww]] == 0} {
    create_via_def P3VIA23A2_MH143ww \
        -tech 19M_1xa1xb1xc1xd1ya1yb6y2yy2yx2r_R_enterprise_MH143 \
        -is_excluded_for_signal_route \
        -lower_mask_pattern uniform \
        -shapes { \
            { M2 {-0.0060 -0.0885} {0.0060 0.0885} } \
            { VIA2 {-0.0060 -0.0585} {0.0060 -0.0465} } \
            { VIA2 {-0.0060 0.0465} {0.0060 0.0585} } \
            { M3 {-0.2395 -0.0615} {0.1430 -0.0435} } \
            { M3 {-0.2395 0.0435} {0.1430 0.0615} } \
        }
}

if {[sizeof_collection [get_via_defs -quiet -tech 19M_1xa1xb1xc1xd1ya1yb6y2yy2yx2r_R_enterprise_MH143 P3VIA23B3_MH143]] == 0} {
    create_via_def P3VIA23B3_MH143 \
        -tech 19M_1xa1xb1xc1xd1ya1yb6y2yy2yx2r_R_enterprise_MH143 \
        -is_excluded_for_signal_route \
        -lower_mask_pattern uniform \
        -shapes { \
            { M2 {-0.0885 -0.0060} {0.0885 0.0060} } \
            { VIA2 {-0.0585 -0.0060} {-0.0465 0.0060} } \
            { VIA2 {0.0465 -0.0060} {0.0585 0.0060} } \
            { M3 {-0.0615 -0.1430} {-0.0435 0.2395} } \
            { M3 {0.0435 -0.1430} {0.0615 0.2395} } \
        }
}

if {[sizeof_collection [get_via_defs -quiet -tech 19M_1xa1xb1xc1xd1ya1yb6y2yy2yx2r_R_enterprise_MH143 P3VIA23B3_MH143ww]] == 0} {
    create_via_def P3VIA23B3_MH143ww \
        -tech 19M_1xa1xb1xc1xd1ya1yb6y2yy2yx2r_R_enterprise_MH143 \
        -is_excluded_for_signal_route \
        -lower_mask_pattern uniform \
        -shapes { \
            { M2 {-0.0060 -0.0885} {0.0060 0.0885} } \
            { VIA2 {-0.0060 -0.0585} {0.0060 -0.0465} } \
            { VIA2 {-0.0060 0.0465} {0.0060 0.0585} } \
            { M3 {-0.1430 -0.0615} {0.2395 -0.0435} } \
            { M3 {-0.1430 0.0435} {0.2395 0.0615} } \
        }
}

if {[sizeof_collection [get_via_defs -quiet -tech 19M_1xa1xb1xc1xd1ya1yb6y2yy2yx2r_R_enterprise_MH143 P3VIA23B4_MH143]] == 0} {
    create_via_def P3VIA23B4_MH143 \
        -tech 19M_1xa1xb1xc1xd1ya1yb6y2yy2yx2r_R_enterprise_MH143 \
        -is_excluded_for_signal_route \
        -lower_mask_pattern uniform \
        -shapes { \
            { M2 {-0.0885 -0.0060} {0.0885 0.0060} } \
            { VIA2 {-0.0585 -0.0060} {-0.0465 0.0060} } \
            { VIA2 {0.0465 -0.0060} {0.0585 0.0060} } \
            { M3 {-0.0615 -0.1430} {-0.0435 0.0360} } \
            { M3 {0.0435 -0.1430} {0.0615 0.0360} } \
        }
}

if {[sizeof_collection [get_via_defs -quiet -tech 19M_1xa1xb1xc1xd1ya1yb6y2yy2yx2r_R_enterprise_MH143 P3VIA23B4_MH143ww]] == 0} {
    create_via_def P3VIA23B4_MH143ww \
        -tech 19M_1xa1xb1xc1xd1ya1yb6y2yy2yx2r_R_enterprise_MH143 \
        -is_excluded_for_signal_route \
        -lower_mask_pattern uniform \
        -shapes { \
            { M2 {-0.0060 -0.0885} {0.0060 0.0885} } \
            { VIA2 {-0.0060 -0.0585} {0.0060 -0.0465} } \
            { VIA2 {-0.0060 0.0465} {0.0060 0.0585} } \
            { M3 {-0.1430 -0.0615} {0.0360 -0.0435} } \
            { M3 {-0.1430 0.0435} {0.0360 0.0615} } \
        }
}

if {[sizeof_collection [get_via_defs -quiet -tech 19M_1xa1xb1xc1xd1ya1yb6y2yy2yx2r_R_enterprise_MH143 P3VIA23B1_MH143]] == 0} {
    create_via_def P3VIA23B1_MH143 \
        -tech 19M_1xa1xb1xc1xd1ya1yb6y2yy2yx2r_R_enterprise_MH143 \
        -is_excluded_for_signal_route \
        -lower_mask_pattern uniform \
        -shapes { \
            { M2 {-0.0885 -0.0060} {0.0885 0.0060} } \
            { VIA2 {-0.0585 -0.0060} {-0.0465 0.0060} } \
            { VIA2 {0.0465 -0.0060} {0.0585 0.0060} } \
            { M3 {-0.0615 -0.0835} {-0.0435 0.2395} } \
            { M3 {0.0435 -0.0835} {0.0615 0.2395} } \
        }
}

if {[sizeof_collection [get_via_defs -quiet -tech 19M_1xa1xb1xc1xd1ya1yb6y2yy2yx2r_R_enterprise_MH143 P3VIA23B1_MH143ww]] == 0} {
    create_via_def P3VIA23B1_MH143ww \
        -tech 19M_1xa1xb1xc1xd1ya1yb6y2yy2yx2r_R_enterprise_MH143 \
        -is_excluded_for_signal_route \
        -lower_mask_pattern uniform \
        -shapes { \
            { M2 {-0.0060 -0.0885} {0.0060 0.0885} } \
            { VIA2 {-0.0060 -0.0585} {0.0060 -0.0465} } \
            { VIA2 {-0.0060 0.0465} {0.0060 0.0585} } \
            { M3 {-0.0835 -0.0615} {0.2395 -0.0435} } \
            { M3 {-0.0835 0.0435} {0.2395 0.0615} } \
        }
}

if {[sizeof_collection [get_via_defs -quiet -tech 19M_1xa1xb1xc1xd1ya1yb6y2yy2yx2r_R_enterprise_MH143 P3VIA23B2_MH143]] == 0} {
    create_via_def P3VIA23B2_MH143 \
        -tech 19M_1xa1xb1xc1xd1ya1yb6y2yy2yx2r_R_enterprise_MH143 \
        -is_excluded_for_signal_route \
        -lower_mask_pattern uniform \
        -shapes { \
            { M2 {-0.0885 -0.0060} {0.0885 0.0060} } \
            { VIA2 {-0.0585 -0.0060} {-0.0465 0.0060} } \
            { VIA2 {0.0465 -0.0060} {0.0585 0.0060} } \
            { M3 {-0.0615 -0.1430} {-0.0435 0.2395} } \
            { M3 {0.0435 -0.1430} {0.0615 0.2395} } \
        }
}

if {[sizeof_collection [get_via_defs -quiet -tech 19M_1xa1xb1xc1xd1ya1yb6y2yy2yx2r_R_enterprise_MH143 P3VIA23B2_MH143ww]] == 0} {
    create_via_def P3VIA23B2_MH143ww \
        -tech 19M_1xa1xb1xc1xd1ya1yb6y2yy2yx2r_R_enterprise_MH143 \
        -is_excluded_for_signal_route \
        -lower_mask_pattern uniform \
        -shapes { \
            { M2 {-0.0060 -0.0885} {0.0060 0.0885} } \
            { VIA2 {-0.0060 -0.0585} {0.0060 -0.0465} } \
            { VIA2 {-0.0060 0.0465} {0.0060 0.0585} } \
            { M3 {-0.1430 -0.0615} {0.2395 -0.0435} } \
            { M3 {-0.1430 0.0435} {0.2395 0.0615} } \
        }
}

if {[sizeof_collection [get_via_defs -quiet -tech 19M_1xa1xb1xc1xd1ya1yb6y2yy2yx2r_R_enterprise_MH143 P3VIA23Z1_MH143]] == 0} {
    create_via_def P3VIA23Z1_MH143 \
        -tech 19M_1xa1xb1xc1xd1ya1yb6y2yy2yx2r_R_enterprise_MH143 \
        -is_excluded_for_signal_route \
        -lower_mask_pattern uniform \
        -shapes { \
            { M2 {-0.0885 -0.0060} {0.0885 0.0060} } \
            { VIA2 {-0.0585 -0.0060} {-0.0465 0.0060} } \
            { VIA2 {0.0465 -0.0060} {0.0585 0.0060} } \
            { M3 {-0.0615 -0.0360} {-0.0435 0.1430} } \
            { M3 {0.0435 -0.0360} {0.0615 0.1430} } \
        }
}

if {[sizeof_collection [get_via_defs -quiet -tech 19M_1xa1xb1xc1xd1ya1yb6y2yy2yx2r_R_enterprise_MH143 P3VIA23Z1_MH143ww]] == 0} {
    create_via_def P3VIA23Z1_MH143ww \
        -tech 19M_1xa1xb1xc1xd1ya1yb6y2yy2yx2r_R_enterprise_MH143 \
        -is_excluded_for_signal_route \
        -lower_mask_pattern uniform \
        -shapes { \
            { M2 {-0.0060 -0.0885} {0.0060 0.0885} } \
            { VIA2 {-0.0060 -0.0585} {0.0060 -0.0465} } \
            { VIA2 {-0.0060 0.0465} {0.0060 0.0585} } \
            { M3 {-0.0360 -0.0615} {0.1430 -0.0435} } \
            { M3 {-0.0360 0.0435} {0.1430 0.0615} } \
        }
}

if {[sizeof_collection [get_via_defs -quiet -tech 19M_1xa1xb1xc1xd1ya1yb6y2yy2yx2r_R_enterprise_MH143 P3VIA23Z2_MH143]] == 0} {
    create_via_def P3VIA23Z2_MH143 \
        -tech 19M_1xa1xb1xc1xd1ya1yb6y2yy2yx2r_R_enterprise_MH143 \
        -is_excluded_for_signal_route \
        -lower_mask_pattern uniform \
        -shapes { \
            { M2 {-0.0885 -0.0060} {0.0885 0.0060} } \
            { VIA2 {-0.0585 -0.0060} {-0.0465 0.0060} } \
            { VIA2 {0.0465 -0.0060} {0.0585 0.0060} } \
            { M3 {-0.0615 -0.2395} {-0.0435 0.1430} } \
            { M3 {0.0435 -0.2395} {0.0615 0.1430} } \
        }
}

if {[sizeof_collection [get_via_defs -quiet -tech 19M_1xa1xb1xc1xd1ya1yb6y2yy2yx2r_R_enterprise_MH143 P3VIA23Z2_MH143ww]] == 0} {
    create_via_def P3VIA23Z2_MH143ww \
        -tech 19M_1xa1xb1xc1xd1ya1yb6y2yy2yx2r_R_enterprise_MH143 \
        -is_excluded_for_signal_route \
        -lower_mask_pattern uniform \
        -shapes { \
            { M2 {-0.0060 -0.0885} {0.0060 0.0885} } \
            { VIA2 {-0.0060 -0.0585} {0.0060 -0.0465} } \
            { VIA2 {-0.0060 0.0465} {0.0060 0.0585} } \
            { M3 {-0.2395 -0.0615} {0.1430 -0.0435} } \
            { M3 {-0.2395 0.0435} {0.1430 0.0615} } \
        }
}

if {[sizeof_collection [get_via_defs -quiet -tech 19M_1xa1xb1xc1xd1ya1yb6y2yy2yx2r_R_enterprise_MH143 P3VIA23Z3_MH143]] == 0} {
    create_via_def P3VIA23Z3_MH143 \
        -tech 19M_1xa1xb1xc1xd1ya1yb6y2yy2yx2r_R_enterprise_MH143 \
        -is_excluded_for_signal_route \
        -lower_mask_pattern uniform \
        -shapes { \
            { M2 {-0.0885 -0.0060} {0.0885 0.0060} } \
            { VIA2 {-0.0585 -0.0060} {-0.0465 0.0060} } \
            { VIA2 {0.0465 -0.0060} {0.0585 0.0060} } \
            { M3 {-0.0615 -0.2395} {-0.0435 0.1430} } \
            { M3 {0.0435 -0.2395} {0.0615 0.1430} } \
        }
}

if {[sizeof_collection [get_via_defs -quiet -tech 19M_1xa1xb1xc1xd1ya1yb6y2yy2yx2r_R_enterprise_MH143 P3VIA23Z3_MH143ww]] == 0} {
    create_via_def P3VIA23Z3_MH143ww \
        -tech 19M_1xa1xb1xc1xd1ya1yb6y2yy2yx2r_R_enterprise_MH143 \
        -is_excluded_for_signal_route \
        -lower_mask_pattern uniform \
        -shapes { \
            { M2 {-0.0060 -0.0885} {0.0060 0.0885} } \
            { VIA2 {-0.0060 -0.0585} {0.0060 -0.0465} } \
            { VIA2 {-0.0060 0.0465} {0.0060 0.0585} } \
            { M3 {-0.2395 -0.0615} {0.1430 -0.0435} } \
            { M3 {-0.2395 0.0435} {0.1430 0.0615} } \
        }
}

if {[sizeof_collection [get_via_defs -quiet -tech 19M_1xa1xb1xc1xd1ya1yb6y2yy2yx2r_R_enterprise_MH143 P3VIA23Z3V2_MH143]] == 0} {
    create_via_def P3VIA23Z3V2_MH143 \
        -tech 19M_1xa1xb1xc1xd1ya1yb6y2yy2yx2r_R_enterprise_MH143 \
        -is_excluded_for_signal_route \
        -lower_mask_pattern uniform \
        -shapes { \
            { M2 {-0.0885 -0.0060} {0.0885 0.0060} } \
            { VIA2 {-0.0585 -0.0060} {-0.0465 0.0060} } \
            { VIA2 {0.0465 -0.0060} {0.0585 0.0060} } \
            { M3 {-0.0615 -0.2730} {-0.0435 0.1430} } \
            { M3 {0.0435 -0.2730} {0.0615 0.1430} } \
        }
}

if {[sizeof_collection [get_via_defs -quiet -tech 19M_1xa1xb1xc1xd1ya1yb6y2yy2yx2r_R_enterprise_MH143 P3VIA23Z3V2_MH143ww]] == 0} {
    create_via_def P3VIA23Z3V2_MH143ww \
        -tech 19M_1xa1xb1xc1xd1ya1yb6y2yy2yx2r_R_enterprise_MH143 \
        -is_excluded_for_signal_route \
        -lower_mask_pattern uniform \
        -shapes { \
            { M2 {-0.0060 -0.0885} {0.0060 0.0885} } \
            { VIA2 {-0.0060 -0.0585} {0.0060 -0.0465} } \
            { VIA2 {-0.0060 0.0465} {0.0060 0.0585} } \
            { M3 {-0.2730 -0.0615} {0.1430 -0.0435} } \
            { M3 {-0.2730 0.0435} {0.1430 0.0615} } \
        }
}

if {[sizeof_collection [get_via_defs -quiet -tech 19M_1xa1xb1xc1xd1ya1yb6y2yy2yx2r_R_enterprise_MH143 P3VIA23Z4_MH143]] == 0} {
    create_via_def P3VIA23Z4_MH143 \
        -tech 19M_1xa1xb1xc1xd1ya1yb6y2yy2yx2r_R_enterprise_MH143 \
        -is_excluded_for_signal_route \
        -lower_mask_pattern uniform \
        -shapes { \
            { M2 {-0.0885 -0.0060} {0.0885 0.0060} } \
            { VIA2 {-0.0585 -0.0060} {-0.0465 0.0060} } \
            { VIA2 {0.0465 -0.0060} {0.0585 0.0060} } \
            { M3 {-0.0615 -0.1430} {-0.0435 0.0835} } \
            { M3 {0.0435 -0.1430} {0.0615 0.0835} } \
        }
}

if {[sizeof_collection [get_via_defs -quiet -tech 19M_1xa1xb1xc1xd1ya1yb6y2yy2yx2r_R_enterprise_MH143 P3VIA23Z4_MH143ww]] == 0} {
    create_via_def P3VIA23Z4_MH143ww \
        -tech 19M_1xa1xb1xc1xd1ya1yb6y2yy2yx2r_R_enterprise_MH143 \
        -is_excluded_for_signal_route \
        -lower_mask_pattern uniform \
        -shapes { \
            { M2 {-0.0060 -0.0885} {0.0060 0.0885} } \
            { VIA2 {-0.0060 -0.0585} {0.0060 -0.0465} } \
            { VIA2 {-0.0060 0.0465} {0.0060 0.0585} } \
            { M3 {-0.1430 -0.0615} {0.0835 -0.0435} } \
            { M3 {-0.1430 0.0435} {0.0835 0.0615} } \
        }
}

if {[sizeof_collection [get_via_defs -quiet -tech 19M_1xa1xb1xc1xd1ya1yb6y2yy2yx2r_R_enterprise_MH143 P3VIA23Y1_MH143]] == 0} {
    create_via_def P3VIA23Y1_MH143 \
        -tech 19M_1xa1xb1xc1xd1ya1yb6y2yy2yx2r_R_enterprise_MH143 \
        -is_excluded_for_signal_route \
        -lower_mask_pattern uniform \
        -shapes { \
            { M2 {-0.0885 -0.0060} {0.0885 0.0060} } \
            { VIA2 {-0.0585 -0.0060} {-0.0465 0.0060} } \
            { VIA2 {0.0465 -0.0060} {0.0585 0.0060} } \
            { M3 {-0.0615 -0.0835} {-0.0435 0.2395} } \
            { M3 {0.0435 -0.0835} {0.0615 0.2395} } \
        }
}

if {[sizeof_collection [get_via_defs -quiet -tech 19M_1xa1xb1xc1xd1ya1yb6y2yy2yx2r_R_enterprise_MH143 P3VIA23Y1_MH143ww]] == 0} {
    create_via_def P3VIA23Y1_MH143ww \
        -tech 19M_1xa1xb1xc1xd1ya1yb6y2yy2yx2r_R_enterprise_MH143 \
        -is_excluded_for_signal_route \
        -lower_mask_pattern uniform \
        -shapes { \
            { M2 {-0.0060 -0.0885} {0.0060 0.0885} } \
            { VIA2 {-0.0060 -0.0585} {0.0060 -0.0465} } \
            { VIA2 {-0.0060 0.0465} {0.0060 0.0585} } \
            { M3 {-0.0835 -0.0615} {0.2395 -0.0435} } \
            { M3 {-0.0835 0.0435} {0.2395 0.0615} } \
        }
}

if {[sizeof_collection [get_via_defs -quiet -tech 19M_1xa1xb1xc1xd1ya1yb6y2yy2yx2r_R_enterprise_MH143 P3VIA23Y2_MH143]] == 0} {
    create_via_def P3VIA23Y2_MH143 \
        -tech 19M_1xa1xb1xc1xd1ya1yb6y2yy2yx2r_R_enterprise_MH143 \
        -is_excluded_for_signal_route \
        -lower_mask_pattern uniform \
        -shapes { \
            { M2 {-0.0885 -0.0060} {0.0885 0.0060} } \
            { VIA2 {-0.0585 -0.0060} {-0.0465 0.0060} } \
            { VIA2 {0.0465 -0.0060} {0.0585 0.0060} } \
            { M3 {-0.0615 -0.1430} {-0.0435 0.2395} } \
            { M3 {0.0435 -0.1430} {0.0615 0.2395} } \
        }
}

if {[sizeof_collection [get_via_defs -quiet -tech 19M_1xa1xb1xc1xd1ya1yb6y2yy2yx2r_R_enterprise_MH143 P3VIA23Y2_MH143ww]] == 0} {
    create_via_def P3VIA23Y2_MH143ww \
        -tech 19M_1xa1xb1xc1xd1ya1yb6y2yy2yx2r_R_enterprise_MH143 \
        -is_excluded_for_signal_route \
        -lower_mask_pattern uniform \
        -shapes { \
            { M2 {-0.0060 -0.0885} {0.0060 0.0885} } \
            { VIA2 {-0.0060 -0.0585} {0.0060 -0.0465} } \
            { VIA2 {-0.0060 0.0465} {0.0060 0.0585} } \
            { M3 {-0.1430 -0.0615} {0.2395 -0.0435} } \
            { M3 {-0.1430 0.0435} {0.2395 0.0615} } \
        }
}

if {[sizeof_collection [get_via_defs -quiet -tech 19M_1xa1xb1xc1xd1ya1yb6y2yy2yx2r_R_enterprise_MH143 P3VIA23Y3_MH143]] == 0} {
    create_via_def P3VIA23Y3_MH143 \
        -tech 19M_1xa1xb1xc1xd1ya1yb6y2yy2yx2r_R_enterprise_MH143 \
        -is_excluded_for_signal_route \
        -lower_mask_pattern uniform \
        -shapes { \
            { M2 {-0.0885 -0.0060} {0.0885 0.0060} } \
            { VIA2 {-0.0585 -0.0060} {-0.0465 0.0060} } \
            { VIA2 {0.0465 -0.0060} {0.0585 0.0060} } \
            { M3 {-0.0615 -0.1430} {-0.0435 0.2395} } \
            { M3 {0.0435 -0.1430} {0.0615 0.2395} } \
        }
}

if {[sizeof_collection [get_via_defs -quiet -tech 19M_1xa1xb1xc1xd1ya1yb6y2yy2yx2r_R_enterprise_MH143 P3VIA23Y3_MH143ww]] == 0} {
    create_via_def P3VIA23Y3_MH143ww \
        -tech 19M_1xa1xb1xc1xd1ya1yb6y2yy2yx2r_R_enterprise_MH143 \
        -is_excluded_for_signal_route \
        -lower_mask_pattern uniform \
        -shapes { \
